1 100 100 0 100
8 0.005
0.0 0.0 0.0 0.0 0.0 0.0 0.0 0.0 0.0
0.125 -1 0.125 0.125 0.125 0.125 0.125 0.125 0.125
0.125 0.125 -1 0.125 0.125 0.125 0.125 0.125 0.125
0.125 0.125 0.125 -1 0.125 0.125 0.125 0.125 0.125
0.125 0.125 0.125 0.125 -1 0.125 0.125 0.125 0.125
0.125 0.125 0.125 0.125 0.125 -1 0.125 0.125 0.125
0.125 0.125 0.125 0.125 0.125 0.125 -1 0.125 0.125
0.125 0.125 0.125 0.125 0.125 0.125 0.125 -1 0.125
0.125 0.125 0.125 0.125 0.125 0.125 0.125 0.125 -1
100.0
0.0

Description:
binned set J
many overlapping CNAs, with k=8 and uniform initialization matrix

