1 100 100 0 100
8 0.1
0.0 0.0 0.0 0.0 0.0 0.0 0.0 0.0 0.0
0.125 -1 0.125 0.125 0.125 0.125 0.125 0.125 0.125
0.125 0.125 -1 0.125 0.125 0.125 0.125 0.125 0.125
0.125 0.125 0.125 -1 0.125 0.125 0.125 0.125 0.125
0.125 0.125 0.125 0.125 -1 0.125 0.125 0.125 0.125
0.125 0.125 0.125 0.125 0.125 -1 0.125 0.125 0.125
0.125 0.125 0.125 0.125 0.125 0.125 -1 0.125 0.125
0.125 0.125 0.125 0.125 0.125 0.125 0.125 -1 0.125
0.125 0.125 0.125 0.125 0.125 0.125 0.125 0.125 -1
100.0
0.0

Description:
binned set I
many short and spiky CNAs

