1 100 100 0 100
11 0.05
0.0 0.0 0.0 0.0 0.0 0.0 0.0 0.0 0.0 0.0 0.0 0.0
0.09090909090909        -1      0.09090909090909        0.09090909090909        0.09090909090909        0.09090909090909        0.09090909090909    0.09090909090909        0.09090909090909        0.09090909090909        0.09090909090909        0.09090909090909
0.09090909090909        0.09090909090909        -1      0.09090909090909        0.09090909090909        0.09090909090909        0.09090909090909    0.09090909090909        0.09090909090909        0.09090909090909        0.09090909090909        0.09090909090909
0.09090909090909        0.09090909090909        0.09090909090909        -1      0.09090909090909        0.09090909090909        0.09090909090909    0.09090909090909        0.09090909090909        0.09090909090909        0.09090909090909        0.09090909090909
0.09090909090909        0.09090909090909        0.09090909090909        0.09090909090909        -1      0.09090909090909        0.09090909090909    0.09090909090909        0.09090909090909        0.09090909090909        0.09090909090909        0.09090909090909
0.09090909090909        0.09090909090909        0.09090909090909        0.09090909090909        0.09090909090909        -1      0.09090909090909    0.09090909090909        0.09090909090909        0.09090909090909        0.09090909090909        0.09090909090909
0.09090909090909        0.09090909090909        0.09090909090909        0.09090909090909        0.09090909090909        0.09090909090909   -1       0.09090909090909        0.09090909090909        0.09090909090909        0.09090909090909        0.09090909090909
0.09090909090909        0.09090909090909        0.09090909090909        0.09090909090909        0.09090909090909        0.09090909090909   0.09090909090909 -1      0.09090909090909        0.09090909090909        0.09090909090909        0.09090909090909
0.09090909090909        0.09090909090909        0.09090909090909        0.09090909090909        0.09090909090909        0.09090909090909   0.09090909090909 0.09090909090909        -1      0.09090909090909        0.09090909090909        0.09090909090909
0.09090909090909        0.09090909090909        0.09090909090909        0.09090909090909        0.09090909090909        0.09090909090909   0.09090909090909 0.09090909090909        0.09090909090909        -1      0.09090909090909        0.09090909090909
0.09090909090909        0.09090909090909        0.09090909090909        0.09090909090909        0.09090909090909        0.09090909090909   0.09090909090909 0.09090909090909        0.09090909090909        0.09090909090909        -1      0.09090909090909
0.09090909090909        0.09090909090909        0.09090909090909        0.09090909090909        0.09090909090909        0.09090909090909   0.09090909090909 0.09090909090909        0.09090909090909        0.09090909090909        0.09090909090909        -1
100.0
0.0

Description:
binned set K
very short spiky CNAs, with k=11 and uniform initialization matrix


